5000 42.06205368041992 
5500 7.849638938903809 
6000 13.248741149902344 
6500 2.2880921363830566 
7000 9.249919891357422 
7500 0.3309652805328369 
8000 0.4457505941390991 
8500 0.12274651229381561 
9000 0.16066129505634308 
9500 0.1018911749124527 
10000 0.12008705735206604 
10500 0.09028133004903793 
11000 0.11666922271251678 
11500 0.084958016872406 
12000 0.09383009374141693 
12500 0.0968015193939209 
13000 0.04139696806669235 
13500 0.19199497997760773 
14000 0.042069677263498306 
14500 0.4573495388031006 
15000 0.04328551143407822 
15500 0.031884659081697464 
16000 0.21432889997959137 
16500 0.04188445582985878 
17000 0.021722055971622467 
17500 0.30232110619544983 
18000 0.2785415053367615 
18500 0.03693922981619835 
19000 0.02689773589372635 
19500 0.07894560694694519 
20000 0.01824062690138817 
20500 0.014231942594051361 
21000 0.00778790982440114 
21500 0.0296550914645195 
22000 0.02576027810573578 
22500 0.024168875068426132 
23000 0.019839640706777573 
23500 0.023497436195611954 
24000 0.046528976410627365 
24500 0.021523144096136093 
25000 0.03307556360960007 
25500 0.2783302068710327 
26000 0.05874252691864967 
26500 0.08307157456874847 
27000 0.019524529576301575 
27500 0.15576399862766266 
28000 0.14804600179195404 
28500 0.016291040927171707 
29000 0.41196295619010925 
29500 0.012682443484663963 
30000 0.014590742066502571 
30500 0.04968433827161789 
31000 0.018135536462068558 
31500 0.023704715073108673 
32000 0.3332075774669647 
32500 0.02475786581635475 
33000 0.1504884511232376 
33500 0.012441451661288738 
34000 0.04579444229602814 
34500 0.011321245692670345 
35000 0.017207607626914978 
35500 0.03284234553575516 
36000 0.43268370628356934 
36500 0.025600150227546692 
37000 0.01745714247226715 
37500 0.011514825746417046 
38000 0.027283690869808197 
38500 0.01398073323071003 
39000 0.1370857059955597 
39500 0.01477363146841526 
40000 0.01832854375243187 
40500 0.05306371673941612 
41000 0.004415578208863735 
41500 0.010182388126850128 
42000 0.006177765317261219 
42500 0.029867731034755707 
43000 0.01841491088271141 
43500 0.02229277789592743 
44000 0.16781795024871826 
44500 0.15034247934818268 
45000 0.010867510922253132 
45500 0.13859473168849945 
46000 0.006753889378160238 
46500 0.006025351118296385 
47000 0.01492394506931305 
47500 0.0399310477077961 
48000 0.01051346492022276 
48500 0.19142742455005646 
49000 0.023118602111935616 
49500 0.018432699143886566 
50000 0.01784520410001278 
50500 0.024786237627267838 
51000 0.009768487885594368 
51500 0.013730492442846298 
52000 0.007068110629916191 
52500 0.18304802477359772 
53000 0.036025434732437134 
53500 0.008581910282373428 
54000 0.015355624258518219 
54500 0.010694263502955437 
55000 0.009909011423587799 
55500 0.022962575778365135 
56000 0.014344904571771622 
56500 0.022459380328655243 
57000 0.02058078907430172 
57500 0.03259056806564331 
58000 0.018546391278505325 
58500 0.010170814581215382 
59000 0.019617388024926186 
59500 0.018179891631007195 
60000 0.007307115476578474 
60500 0.036811068654060364 
61000 0.011714380234479904 
61500 0.014815296977758408 
62000 0.005135165061801672 
62500 0.015397231094539165 
63000 0.009786567650735378 
63500 0.016475701704621315 
64000 0.0075121084228158 
64500 0.016201026737689972 
65000 0.009563731029629707 
65500 0.007733965292572975 
66000 0.01413002423942089 
66500 0.008876380510628223 
67000 0.011696161702275276 
67500 0.12430356442928314 
