5 0.0 
10 0.0 
15 0.0 
20 0.0 
25 0.0 
30 0.0 
35 0.0 
40 1.0 
45 0.0 
50 0.0 
55 0.0 
60 1.0 
65 1.0 
70 0.0 
75 1.0 
80 0.0 
85 1.0 
90 0.0 
95 0.0 
100 1.0 
105 0.0 
110 0.0 
115 1.0 
120 0.0 
125 1.0 
130 0.0 
135 0.0 
140 0.0 
145 0.0 
150 0.0 
155 0.0 
160 0.0 
165 1.0 
170 1.0 
175 1.0 
180 1.0 
185 0.0 
190 1.0 
195 0.0 
200 0.0 
205 0.0 
210 0.0 
215 0.0 
220 1.0 
225 1.0 
230 0.0 
235 0.0 
240 0.0 
245 0.0 
250 0.0 
255 0.0 
260 0.0 
265 0.0 
270 0.0 
275 0.0 
280 2.0 
285 0.0 
290 0.0 
295 0.0 
300 0.0 
305 1.0 
310 1.0 
315 0.0 
320 0.0 
325 0.0 
330 0.0 
335 0.0 
340 0.0 
345 0.0 
350 1.0 
355 0.0 
360 0.0 
365 0.0 
370 0.0 
375 0.0 
