5 0.0 
10 1.0 
15 0.0 
20 0.0 
25 1.0 
5 0.0 
10 0.0 
15 0.0 
20 1.0 
25 0.0 
30 0.0 
5 0.0 
10 1.0 
15 1.0 
20 1.0 
25 0.0 
30 1.0 
35 0.0 
40 0.0 
45 0.0 
50 0.0 
55 0.0 
60 0.0 
65 0.0 
70 1.0 
75 1.0 
80 1.0 
85 0.0 
90 0.0 
95 0.0 
100 0.0 
105 0.0 
110 0.0 
115 0.0 
120 0.0 
125 1.0 
130 0.0 
135 0.0 
140 0.0 
145 0.0 
150 0.0 
155 0.0 
160 1.0 
165 0.0 
170 0.0 
175 0.0 
180 1.0 
185 0.0 
190 1.0 
195 0.0 
200 3.0 
205 0.0 
210 0.0 
215 0.0 
220 1.0 
225 0.0 
230 0.0 
235 1.0 
240 0.0 
245 0.0 
250 1.0 
255 0.0 
260 1.0 
265 0.0 
270 1.0 
275 0.0 
280 0.0 
285 0.0 
290 0.0 
295 0.0 
300 0.0 
305 0.0 
310 0.0 
315 1.0 
320 1.0 
325 1.0 
330 0.0 
335 1.0 
340 1.0 
345 0.0 
350 0.0 
355 1.0 
360 1.0 
365 0.0 
370 1.0 
375 0.0 
380 1.0 
385 0.0 
390 0.0 
395 1.0 
400 0.0 
405 0.0 
410 1.0 
415 1.0 
420 1.0 
425 0.0 
430 0.0 
435 0.0 
440 0.0 
445 0.0 
450 1.0 
455 0.0 
460 0.0 
465 0.0 
470 0.0 
475 0.0 
480 0.0 
485 2.0 
490 1.0 
495 0.0 
500 1.0 
505 0.0 
510 1.0 
515 0.0 
520 0.0 
525 1.0 
530 1.0 
535 1.0 
540 1.0 
545 2.0 
550 0.0 
555 1.0 
560 1.0 
565 0.0 
570 0.0 
575 1.0 
580 2.0 
585 2.0 
590 1.0 
595 0.0 
600 1.0 
605 1.0 
610 0.0 
615 0.0 
620 0.0 
625 2.0 
630 0.0 
635 0.0 
640 0.0 
645 0.0 
650 1.0 
655 2.0 
660 1.0 
665 2.0 
670 1.0 
675 0.0 
680 1.0 
685 2.0 
690 1.0 
695 0.0 
700 0.0 
705 1.0 
710 0.0 
715 0.0 
720 0.0 
725 1.0 
730 1.0 
735 0.0 
740 0.0 
745 0.0 
750 1.0 
5 0.0 
10 0.0 
15 0.0 
20 1.0 
25 0.0 
30 0.0 
