5000 22.297855377197266 
5000 13.73965835571289 
5500 8.442877769470215 
6000 7.245726585388184 
6500 0.05158345401287079 
7000 0.0975823700428009 
7500 0.02272702008485794 
8000 0.03687151521444321 
8500 0.0296532791107893 
9000 0.028711386024951935 
9500 0.03579533472657204 
10000 0.023719588294625282 
10500 0.021442130208015442 
11000 0.033040545880794525 
11500 0.009321819990873337 
12000 0.007825330831110477 
12500 0.0062256548553705215 
13000 0.16949748992919922 
13500 0.1285521537065506 
14000 0.01384102925658226 
14500 0.1436195969581604 
15000 0.011019498109817505 
15500 0.1412263661623001 
16000 0.007026066072285175 
16500 0.015179797075688839 
17000 0.015108120627701283 
17500 0.006701097823679447 
18000 0.2617886960506439 
18500 0.2556540071964264 
19000 0.004589857533574104 
19500 0.24131041765213013 
20000 0.16087381541728973 
20500 0.011529527604579926 
21000 0.009003259241580963 
21500 0.013479398563504219 
22000 0.007658724207431078 
22500 0.012423088774085045 
23000 0.025193465873599052 
23500 0.008336357772350311 
24000 0.011896851472556591 
24500 0.006579196080565453 
25000 0.004624471999704838 
25500 0.004964417312294245 
26000 0.016541659832000732 
26500 0.012164965271949768 
27000 0.01006104052066803 
27500 0.006292158272117376 
28000 0.004424944054335356 
28500 0.005744563415646553 
29000 0.22862206399440765 
29500 0.008714020252227783 
30000 0.03544824942946434 
30500 0.011104961857199669 
31000 0.010292992927134037 
31500 0.015818430110812187 
32000 0.015708180144429207 
32500 0.013359177857637405 
33000 0.007997078821063042 
33500 0.013706399127840996 
34000 0.0074082063511013985 
34500 0.18709711730480194 
35000 0.004840410314500332 
35500 0.13350223004817963 
36000 0.00682503916323185 
36500 0.008475330658257008 
37000 0.007083745673298836 
37500 0.0046843308955430984 
38000 0.0052185263484716415 
38500 0.02735069766640663 
39000 0.003456777660176158 
39500 0.010583687573671341 
40000 0.0032493406906723976 
40500 0.025683950632810593 
41000 0.00625289510935545 
41500 0.006566699594259262 
42000 0.05613718926906586 
42500 0.0027263755910098553 
43000 0.0031640136148780584 
43500 0.002106213476508856 
44000 0.003193145152181387 
44500 0.012840637937188148 
45000 0.004358980339020491 
45500 0.0193557720631361 
46000 0.004105998203158379 
46500 0.005777882412075996 
47000 0.004318824503570795 
47500 0.007242724299430847 
48000 0.011801745742559433 
48500 0.008519592694938183 
49000 0.003799265716224909 
49500 0.004698420409113169 
50000 0.004114445298910141 
50500 0.005912475287914276 
51000 0.010170611552894115 
51500 0.0055609820410609245 
52000 0.005696559324860573 
52500 0.0038812600541859865 
53000 0.012954612262547016 
53500 0.006617316976189613 
54000 0.0036035594530403614 
54500 0.011811666190624237 
55000 0.16067342460155487 
55500 0.004123946651816368 
56000 0.01793001964688301 
56500 0.1133619174361229 
57000 0.006336434744298458 
57500 0.010213308036327362 
58000 0.006400594022125006 
58500 0.004062844440340996 
59000 0.004046735353767872 
59500 0.12158433347940445 
60000 0.014535142108798027 
60500 0.003181865205988288 
61000 0.004638064652681351 
61500 0.011396011337637901 
62000 0.0057825446128845215 
62500 0.007649613078683615 
63000 0.0028489558026194572 
63500 0.19207943975925446 
64000 0.0024404418654739857 
64500 0.003071623155847192 
65000 0.10542032122612 
65500 0.11096081882715225 
66000 0.0058579882606863976 
66500 0.0028994667809456587 
67000 0.0031395438127219677 
67500 0.004944556392729282 
68000 0.003930173814296722 
68500 0.0017574579687789083 
69000 0.040624190121889114 
69500 0.012105225585401058 
70000 0.0039088972844183445 
70500 0.010776126757264137 
71000 0.17339196801185608 
71500 0.00554686738178134 
72000 0.026631534099578857 
72500 0.004219132009893656 
73000 0.0022616456262767315 
73500 0.005000627599656582 
74000 0.002301607048138976 
74500 0.0026322188787162304 
75000 0.001623459393158555 
75500 0.005311702378094196 
76000 0.0024917940609157085 
76500 0.004134154878556728 
77000 0.007408907171338797 
77500 0.0038019162602722645 
78000 0.0018076872220262885 
78500 0.1483435481786728 
79000 0.005776623263955116 
79500 0.003959917463362217 
80000 0.003340871538966894 
80500 0.0036441441625356674 
81000 0.005344805307686329 
81500 0.10018540173768997 
82000 0.10886204987764359 
82500 0.0026015022303909063 
83000 0.004136008210480213 
83500 0.0020708790980279446 
84000 0.0024743513204157352 
84500 0.003225053194910288 
85000 0.003753334516659379 
85500 0.0073871249333024025 
86000 0.00663209380581975 
86500 0.006927491165697575 
87000 0.0038164490833878517 
87500 0.0027368683367967606 
88000 0.0038041335064917803 
88500 0.08491470664739609 
89000 0.01425488106906414 
89500 0.02378734201192856 
90000 0.03602355718612671 
90500 0.0018428969196975231 
91000 0.003909560851752758 
91500 0.0032560883555561304 
92000 0.013460395857691765 
92500 0.006885552313178778 
93000 0.0062087466940283775 
93500 0.007429888006299734 
94000 0.005157606676220894 
94500 0.014150116592645645 
95000 0.029821345582604408 
95500 0.012121149338781834 
96000 0.006849987432360649 
96500 0.005930012557655573 
97000 0.00539042055606842 
97500 0.009581759572029114 
98000 0.03603691607713699 
98500 0.026732947677373886 
99000 0.009686680510640144 
99500 0.0035701242741197348 
100000 0.0031230668537318707 
100500 0.0025444929488003254 
101000 0.0016262833960354328 
101500 0.004616362042725086 
102000 0.003703422611579299 
102500 0.004614675417542458 
103000 0.003525894833728671 
103500 0.009276185184717178 
104000 0.009269234724342823 
104500 0.06527118384838104 
105000 0.005575291812419891 
105500 0.003157369326800108 
106000 0.0025250879116356373 
106500 0.0028574580792337656 
107000 0.21281862258911133 
107500 0.010857105255126953 
108000 0.0053430465050041676 
108500 0.0012781473342329264 
109000 0.00436483696103096 
109500 0.008005017414689064 
110000 0.01067306473851204 
110500 0.0086141899228096 
111000 0.05735522881150246 
111500 0.0032387045212090015 
112000 0.004511860199272633 
112500 0.006112168543040752 
113000 0.004490252118557692 
113500 0.14672882854938507 
114000 0.05248308181762695 
114500 0.003188229165971279 
115000 0.019773880019783974 
115500 0.0031411340460181236 
116000 0.00528312474489212 
116500 0.007418016903102398 
117000 0.12615405023097992 
117500 0.0042869700118899345 
118000 0.005977574735879898 
118500 0.005396360531449318 
119000 0.005920141935348511 
119500 0.0020605153404176235 
120000 0.004506784491240978 
120500 0.004507692996412516 
121000 0.0019262300338596106 
121500 0.002198703121393919 
122000 0.0037548604886978865 
122500 0.006790954619646072 
123000 0.004166053608059883 
123500 0.0070721982046961784 
124000 0.07695700973272324 
124500 0.08100893348455429 
125000 0.0018218931509181857 
125500 0.00393263716250658 
126000 0.1056637316942215 
126500 0.00550136249512434 
127000 0.0033578877337276936 
127500 0.0038009192794561386 
128000 0.0061720930971205235 
128500 0.007004142738878727 
129000 0.0035781795158982277 
129500 0.003315642708912492 
130000 0.0038766972720623016 
130500 0.0028307707980275154 
131000 0.009986290708184242 
131500 0.0021139131858944893 
132000 0.09450127929449081 
132500 0.028107330203056335 
133000 0.006864471361041069 
133500 0.004393523558974266 
134000 0.00529751181602478 
134500 0.0035916799679398537 
135000 0.004041834734380245 
135500 0.00999852642416954 
136000 0.07654435932636261 
136500 0.024093056097626686 
137000 0.005075945518910885 
137500 0.0026088100858032703 
138000 0.005980303511023521 
138500 0.002501632319763303 
139000 0.01612507551908493 
139500 0.0019155252957716584 
140000 0.004434453789144754 
140500 0.004354812670499086 
141000 0.0026999618858098984 
141500 0.0030764201655983925 
142000 0.030613141134381294 
142500 0.003102320246398449 
143000 0.009156923741102219 
143500 0.005236554425209761 
144000 0.0669146180152893 
144500 0.0034475261345505714 
145000 0.005438946187496185 
145500 0.005493030417710543 
146000 0.0032184578012675047 
146500 0.00144667224958539 
147000 0.005496923811733723 
5000 13.859642028808594 
