10 1.0 
20 1.0 
30 0.0 
40 0.0 
50 0.0 
60 0.0 
70 1.0 
80 0.0 
90 0.0 
100 0.0 
110 0.0 
120 1.0 
130 0.0 
140 0.0 
150 0.0 
160 0.0 
170 0.0 
180 1.0 
190 1.0 
200 1.0 
210 0.0 
220 1.0 
230 0.0 
240 1.0 
250 1.0 
260 0.0 
270 0.0 
280 0.0 
290 0.0 
300 0.0 
310 0.0 
320 0.0 
330 1.0 
340 0.0 
350 0.0 
360 2.0 
370 0.0 
380 0.0 
390 0.0 
400 2.0 
410 0.0 
420 0.0 
430 0.0 
440 1.0 
450 0.0
460 0.0 
470 0.0 
480 0.0 
490 0.0 
500 0.0 
510 1.0 
520 0.0 
530 1.0 
540 0.0 
550 0.0 
560 1.0 
570 0.0 
580 0.0 
590 0.0 
600 0.0 
610 0.0 
620 0.0 
630 1.0 
640 0.0 
650 2.0 
660 0.0 
670 0.0 
680 0.0 
690 0.0 
700 0.0 
710 0.0 
720 0.0 
730 0.0 
740 0.0 
750 0.0 
760 0.0 
770 0.0 
780 0.0 
790 0.0 
800 1.0 
810 0.0 
820 0.0 
830 0.0 
840 0.0 
850 2.0 
860 0.0 
870 0.0 
880 0.0 
890 1.0 
900 1.0 
910 0.0 
920 0.0 
930 1.0 
940 0.0 
950 2.0 
960 0.0 
970 0.0 
980 0.0 
990 0.0 
1000 0.0 
1010 0.0 
1020 1.0 
1030 0.0 
1040 0.0 
1050 0.0 
1060 0.0 
1070 0.0 
1080 0.0 
1090 1.0 
1100 1.0 
1110 0.0 
1120 0.0 
1130 0.0 
1140 0.0 
1150 0.0 
1160 0.0 
1170 0.0 
1180 2.0 
1190 0.0 
1200 0.0 
1210 1.0 
1220 0.0 
1230 1.0 
1240 0.0 
1250 1.0 
1260 0.0 
1270 0.0 
1280 1.0 
1290 0.0 
1300 0.0 
1310 0.0 
1320 2.0 
1330 0.0 
1340 1.0 
1350 3.0 
1360 0.0 
1370 1.0 
1380 0.0 
1390 0.0 
1400 0.0 
1410 0.0 
1420 1.0 
1430 2.0 
1440 0.0 
1450 0.0 
1460 0.0 
1470 0.0 
1480 1.0 
1490 1.0 
1500 1.0 
1510 1.0 
1520 1.0 
1530 0.0 
1540 1.0 
1550 2.0 
1560 0.0 
1570 0.0 
1580 1.0 
1590 2.0 
1600 0.0 
1610 3.0 
1620 0.0 
1630 0.0 
1640 0.0 
1650 2.0 
1660 2.0 
1670 0.0 
1680 5.0 
1690 2.0 
1700 0.0 
1710 1.0 
1720 0.0 
1730 1.0 
1740 0.0 
1750 1.0 
1760 1.0 
1770 1.0 
1780 0.0 
1790 0.0 
1800 2.0 
1810 1.0 
1820 0.0 
1830 0.0 
1840 4.0 
1850 0.0 
1860 8.0 
1870 2.0 
1880 0.0 
1890 1.0 
1900 1.0 
1910 0.0 
1920 0.0 
1930 4.0 
1940 1.0 
1950 5.0 
1960 1.0 
1970 2.0 
1980 5.0 
1990 0.0 
2000 2.0 
2010 2.0 
2020 5.0 
2030 7.0 
2040 0.0 
2050 1.0 
2060 0.0 
2070 5.0 
2080 0.0 
2090 3.0 
2100 2.0 
2110 1.0 
2120 12.0 
2130 0.0 
2140 0.0 
2150 2.0 
2160 3.0 
2170 1.0 
2180 2.0 
2190 1.0 
2200 2.0 
2210 6.0 
2220 10.0 
2230 1.0 
2240 0.0 
2250 1.0 
2260 5.0 
2270 1.0 
2280 5.0 
2290 2.0 
2300 1.0 
2310 1.0 
2320 1.0 
2330 1.0 
2340 6.0 
2350 1.0 
2360 2.0 
2370 4.0 
2380 0.0 
2390 0.0 
2400 5.0 
2410 3.0 
2420 2.0 
2430 1.0 
2440 4.0 
2450 2.0 
2460 4.0 
2470 0.0 
2480 4.0 
2490 11.0 
2500 6.0 
2510 1.0 
2520 0.0 
2530 2.0 
2540 1.0 
2550 3.0 
2560 0.0 
2570 1.0 
2580 0.0 
2590 4.0 
2600 5.0 
2610 2.0 
2620 4.0 
2630 1.0 
2640 16.0 
2650 2.0 
2660 11.0 
2670 6.0 
2680 0.0 
2690 3.0 
2700 1.0 
2710 0.0 
2720 9.0 
2730 3.0 
2740 4.0 
2750 0.0 
2760 4.0 
2770 1.0 
2780 2.0 
2790 3.0 
2800 5.0 
2810 5.0 
2820 5.0 
2830 0.0 
2840 11.0 
2850 0.0 
2860 1.0 
2870 0.0 
2880 3.0 
2890 4.0 
2900 6.0 
2910 4.0 
2920 4.0 
2930 0.0 
2940 2.0 
2950 5.0 
2960 12.0 
2970 2.0 
2980 0.0 
2990 9.0 
3000 8.0 
3010 1.0 
3020 0.0 
3030 0.0 
3040 1.0 
3050 4.0 
3060 14.0 
3070 9.0 
3080 2.0 
3090 5.0 
3100 5.0 
3110 1.0 
3120 10.0 
3130 1.0 
3140 0.0 
3150 7.0 
3160 0.0 
3170 12.0 
3180 2.0 
3190 4.0 
3200 14.0 
3210 1.0 
3220 8.0 
3230 0.0 
3240 0.0 
3250 1.0 
3260 10.0 
3270 3.0 
3280 0.0 
3290 6.0 
3300 0.0 
3310 1.0 
3320 2.0 
3330 3.0 
3340 5.0 
3350 1.0 
3360 1.0 
3370 0.0 
3380 7.0 
3390 2.0 
3400 4.0 
3410 0.0 
3420 13.0 
3430 1.0 
3440 5.0 
3450 4.0 
3460 3.0 
3470 2.0 
3480 6.0 
3490 0.0 
3500 7.0 
3510 2.0 
3520 2.0 
3530 2.0 
3540 1.0 
3550 4.0 
3560 3.0 
3570 0.0 
3580 6.0 
3590 2.0 
3600 4.0 
3610 7.0 
3620 1.0 
3630 0.0 
3640 0.0 
3650 2.0 
3660 2.0 
3670 3.0 
3680 0.0 
3690 1.0 
3700 5.0 
3710 6.0 
3720 1.0 
3730 0.0 
3740 6.0 
3750 1.0 
3760 1.0 
3770 0.0 
3780 2.0 
3790 1.0 
3800 1.0 
3810 2.0 
3820 8.0 
3830 0.0 
3840 2.0 
3850 3.0 
3860 12.0 
3870 0.0 
3880 4.0 
3890 1.0 
3900 3.0 
3910 1.0 
3920 5.0 
3930 2.0 
3940 8.0 
3950 1.0 
3960 5.0 
3970 0.0 
3980 1.0 
3990 2.0 
4000 0.0 
4010 0.0 
4020 4.0 
4030 0.0 
4040 3.0 
4050 2.0 
4060 2.0 
4070 0.0 
4080 11.0 
4090 2.0 
4100 1.0 
4110 0.0 
4120 8.0 
4130 2.0 
4140 2.0 
4150 1.0 
4160 15.0 
4170 2.0 
4180 4.0 
4190 5.0 
4200 13.0 
4210 0.0 
4220 17.0 
4230 0.0 
4240 6.0 
4250 3.0 
4260 9.0 
4270 0.0 
4280 9.0 
4290 1.0 
4300 17.0 
4310 2.0 
4320 2.0 
4330 1.0 
4340 12.0 
4350 0.0 
4360 3.0 
4370 2.0 
4380 0.0 
4390 2.0 
4400 7.0 
4410 10.0 
4420 21.0 
4430 1.0 
4440 10.0 
4450 0.0 
4460 5.0 
4470 3.0 
4480 4.0 
4490 2.0 
4500 8.0 
4510 0.0 
4520 4.0 
