5000 5.927928924560547 
5500 0.044860027730464935 
6000 0.626538097858429 
6500 1.6286859512329102 
7000 0.18547531962394714 
7500 0.1529812216758728 
8000 3.007500171661377 
8500 0.3177769184112549 
9000 7.135762691497803 
9500 0.37141308188438416 
10000 0.2824922204017639 
10500 0.5663865804672241 
11000 1.2628753185272217 
11500 0.562919020652771 
12000 19.884536743164062 
12500 0.4897429347038269 
13000 0.7753407955169678 
13500 0.6919152140617371 
14000 0.27372026443481445 
14500 1.3726881742477417 
15000 0.341092586517334 
15500 0.3600512146949768 
16000 0.8357312679290771 
16500 51.29460906982422 
17000 0.41132599115371704 
17500 96.48821258544922 
18000 2.8408069610595703 
18500 0.31854990124702454 
19000 0.9893491268157959 
19500 2.0312767028808594 
20000 72.866455078125 
20500 0.7238285541534424 
21000 4.486710548400879 
21500 67.86295318603516 
22000 1.4800764322280884 
22500 2.2188000679016113 
23000 1.2269442081451416 
23500 1.0860569477081299 
24000 1.5333837270736694 
24500 1.3317725658416748 
25000 1.0337868928909302 
25500 1.0502715110778809 
26000 1.0920665264129639 
26500 1.3867465257644653 
27000 0.2818772792816162 
27500 85.78224182128906 
28000 1.7615339756011963 
28500 96.10961151123047 
29000 1.462116003036499 
29500 1.43580961227417 
30000 106.35336303710938 
30500 0.8417776226997375 
31000 0.9472810626029968 
31500 110.17948913574219 
32000 0.8196876049041748 
32500 1.27056884765625 
33000 2.499821186065674 
33500 2.1867740154266357 
34000 84.85808563232422 
34500 0.6565234661102295 
35000 118.81128692626953 
35500 1.2781858444213867 
36000 3.4038541316986084 
36500 1.364771842956543 
37000 2.524893283843994 
37500 1.6964104175567627 
38000 1.0829108953475952 
38500 1.4317030906677246 
39000 1.4780529737472534 
39500 0.9859780073165894 
40000 98.328857421875 
40500 0.8696297407150269 
41000 0.5427327156066895 
41500 0.4601469039916992 
42000 1.0115280151367188 
42500 1.5884008407592773 
43000 1.6499402523040771 
43500 84.7949447631836 
44000 1.0189374685287476 
44500 1.2952497005462646 
45000 1.2592068910598755 
45500 1.728447675704956 
46000 0.9469578266143799 
46500 2.883665084838867 
47000 0.5063828229904175 
47500 1.8655157089233398 
48000 1.7520455121994019 
48500 75.61893463134766 
49000 1.2348355054855347 
49500 1.3473820686340332 
50000 0.738868236541748 
50500 1.105804204940796 
51000 0.7334157228469849 
51500 0.6765074133872986 
52000 0.8777136206626892 
52500 0.5824898481369019 
53000 1.6325898170471191 
53500 1.4665613174438477 
54000 1.6203794479370117 
54500 0.5506105422973633 
55000 1.8870466947555542 
55500 0.9187189340591431 
56000 1.4489967823028564 
56500 0.7376912832260132 
57000 1.8513908386230469 
57500 93.66038513183594 
58000 1.4203461408615112 
58500 2.5967814922332764 
59000 64.27628326416016 
59500 1.037830114364624 
60000 1.8350141048431396 
60500 0.5975454449653625 
61000 68.6548843383789 
61500 1.081398367881775 
62000 65.23798370361328 
62500 1.840523362159729 
63000 0.8682942390441895 
63500 51.54243850708008 
64000 59.123199462890625 
64500 0.6149556636810303 
65000 0.6168819069862366 
65500 56.93190383911133 
66000 0.6539374589920044 
66500 0.6229186654090881 
67000 0.7213243842124939 
67500 1.0012245178222656 
68000 0.43223896622657776 
68500 3.372260332107544 
69000 1.6327345371246338 
69500 1.3840761184692383 
70000 50.13660430908203 
70500 0.7635442018508911 
71000 45.97099304199219 
71500 1.3879029750823975 
72000 3.832430362701416 
72500 1.1590158939361572 
73000 0.626539945602417 
73500 1.1511855125427246 
74000 1.6828715801239014 
74500 1.6617934703826904 
75000 0.5246462225914001 
75500 0.83155357837677 
76000 0.626054048538208 
76500 0.568916916847229 
77000 1.5616410970687866 
77500 0.4332869052886963 
78000 1.2871623039245605 
78500 0.22574293613433838 
79000 0.9143953323364258 
79500 1.8411133289337158 
80000 0.4574092626571655 
80500 1.369663119316101 
81000 1.1572266817092896 
81500 0.7556553483009338 
82000 0.5935694575309753 
82500 0.9019089937210083 
83000 0.7351940274238586 
83500 0.8251107931137085 
84000 35.35457229614258 
84500 0.5388885736465454 
85000 1.0639464855194092 
85500 0.32029181718826294 
86000 0.4406122863292694 
86500 1.4591292142868042 
87000 1.3521517515182495 
87500 0.46397095918655396 
88000 0.3012429475784302 
88500 0.3047761917114258 
89000 2.388734817504883 
89500 0.4735909700393677 
90000 0.34225791692733765 
90500 0.9454699754714966 
91000 1.0316718816757202 
96000 0.6898307800292969 
96500 24.150354385375977 
97000 0.5171741843223572 
97500 0.3465307950973511 
98000 0.6502268314361572 
91000 1.0005180835723877 
91500 0.6546021699905396 
92000 0.18331265449523926 
92500 33.122962951660156 
93000 29.710617065429688 
93500 0.3523331582546234 
94000 29.58019256591797 
94500 0.38811007142066956 
95000 0.5263311862945557 
95500 0.43127864599227905 
96000 25.465978622436523 
96500 22.174409866333008 
97000 25.257238388061523 
97500 0.33710530400276184 
98000 0.3729238212108612 
98500 0.27728062868118286 
99000 0.15605589747428894 
99500 0.3224192261695862 
100000 0.9134340882301331 
100500 18.126741409301758 
101000 0.12003185600042343 
101500 1.0059092044830322 
102000 18.198226928710938 
102500 0.36564362049102783 
103000 0.6976800560951233 
103500 0.15931515395641327 
104000 0.35763150453567505 
104500 12.764947891235352 
105000 13.529401779174805 
105500 0.29531607031822205 
106000 0.2853906452655792 
106500 0.1444738805294037 
107000 0.20917190611362457 
107500 0.4984527826309204 
108000 0.31882742047309875 
108500 16.725101470947266 
109000 0.45262041687965393 
109500 0.384425550699234 
110000 1.165844440460205 
110500 0.17900799214839935 
111000 0.20255205035209656 
111500 0.12193293124437332 
112000 0.45941928029060364 
112500 0.16209912300109863 
113000 0.191444531083107 
113500 0.20240932703018188 
114000 0.0754990205168724 
114500 0.17867153882980347 
115000 0.1499057412147522 
115500 0.10310257226228714 
116000 0.31385836005210876 
116500 0.06000733748078346 
117000 0.07088030874729156 
117500 10.58260726928711 
118000 0.41184476017951965 
118500 11.685059547424316 
119000 11.346173286437988 
119500 0.07696188986301422 
120000 12.897905349731445 
120500 0.15613077580928802 
121000 0.21290530264377594 
121500 0.15841102600097656 
122000 0.1723071038722992 
122500 11.596463203430176 
123000 0.06106453016400337 
123500 0.1785205602645874 
124000 0.25142601132392883 
124500 0.10420091450214386 
125000 1.2192919254302979 
125500 0.09466336667537689 
126000 0.18725597858428955 
126500 0.47668319940567017 
127000 0.4658485949039459 
127500 0.05213741213083267 
128000 0.20360153913497925 
128500 6.53359842300415 
129000 0.18977516889572144 
129500 0.06952738016843796 
130000 0.1178232878446579 
130500 0.08561226725578308 
131000 0.2469409704208374 
131500 3.0460615158081055 
132000 0.26006603240966797 
132500 0.16760967671871185 
133000 0.14968302845954895 
133500 2.3510632514953613 
134000 1.8202368021011353 
134500 0.12410144507884979 
135000 0.1894732266664505 
135500 0.09636317193508148 
136000 0.13353218138217926 
136500 0.08928132802248001 
137000 0.7185792326927185 
137500 0.1740128993988037 
138000 0.4365275502204895 
138500 0.058354999870061874 
139000 0.04811869561672211 
139500 0.049257174134254456 
140000 0.06293319165706635 
140500 0.13901083171367645 
141000 0.25256824493408203 
141500 0.07439269125461578 
142000 0.08661609888076782 
142500 1.9197829961776733 
143000 0.033336810767650604 
143500 0.19590754806995392 
144000 0.03484855592250824 
144500 0.056949809193611145 
145000 0.19035696983337402 
145500 0.0928218737244606 
146000 0.06723985075950623 
146500 0.043977316468954086 
147000 0.02363882027566433 
147500 0.02619176357984543 
148000 0.09920822083950043 
148500 0.055645652115345 
149000 0.04955778270959854 
149500 2.6376724243164062 
150000 0.060111433267593384 
150500 0.03979088366031647 
151000 1.9356420040130615 
151500 0.037519898265600204 
152000 0.06308259069919586 
152500 0.013740447349846363 
153000 0.046055033802986145 
153500 1.1519973278045654 
154000 0.03246156498789787 
154500 0.03841175138950348 
155000 0.0541229248046875 
155500 0.09734878689050674 
156000 1.594307541847229 
156500 0.9044886231422424 
157000 0.025763574987649918 
157500 0.0665578618645668 
158000 0.0811767727136612 
158500 0.014490457251667976 
159000 0.020040877163410187 
159500 0.24857431650161743 
160000 0.6406575441360474 
160500 0.027180127799510956 
161000 0.03988716006278992 
161500 0.03138633072376251 
162000 0.014924922958016396 
162500 0.06099342927336693 
163000 0.01455096248537302 
163500 0.61339271068573 
164000 0.01088988222181797 
164500 0.019472897052764893 
165000 0.026171578094363213 
165500 0.043279979377985 
166000 0.01793908327817917 
166500 0.025628823786973953 
167000 0.008217837661504745 
167500 0.012153027579188347 
168000 0.025778600946068764 
168500 0.023030949756503105 
169000 0.005386411212384701 
169500 0.01354861818253994 
170000 0.12615449726581573 
170500 0.02534756436944008 
171000 0.030826479196548462 
171500 0.013949768617749214 
172000 0.012682748958468437 
172500 0.019005244597792625 
173000 0.029720988124608994 
173500 0.48018234968185425 
174000 0.01148849818855524 
174500 0.013908387161791325 
175000 0.01507863961160183 
175500 0.025973735377192497 
176000 0.010767500847578049 
176500 0.02913007326424122 
177000 0.0069829439744353294 
177500 0.010039068758487701 
178000 0.013352888636291027 
178500 0.009096618741750717 
179000 0.015781477093696594 
179500 0.014046640135347843 
180000 0.012579023838043213 
180500 0.7346389889717102 
181000 0.011689487844705582 
181500 0.015420710667967796 
182000 0.32132986187934875 
182500 0.03258355334401131 
183000 0.014309065416455269 
183500 0.007671326398849487 
184000 0.009950937703251839 
184500 0.012521011754870415 
185000 0.03196433186531067 
185500 0.015877962112426758 
186000 0.02422761730849743 
186500 0.004012163262814283 
187000 0.004770142491906881 
187500 0.005145677365362644 
188000 0.011373963207006454 
188500 0.0058563826605677605 
189000 0.010238377377390862 
189500 0.006487641483545303 
190000 0.008418465033173561 
190500 0.006169725675135851 
191000 0.013355812057852745 
191500 0.0200398787856102 
192000 0.015634097158908844 
192500 0.020791513845324516 
193000 0.021428555250167847 
193500 0.0053757899440824986 
194000 0.006086761597543955 
194500 0.00764420023187995 
195000 0.002192185027524829 
195500 0.013948386535048485 
196000 0.2335226684808731 
196500 0.02528473548591137 
197000 0.009563763625919819 
197500 0.014039022848010063 
198000 0.009458458982408047 
198500 0.017299914732575417 
199000 0.015722788870334625 
199500 0.00850691832602024 
200000 0.20028778910636902 
200500 0.008091563358902931 
201000 0.01169268973171711 
201500 0.006885744631290436 
202000 0.005927614867687225 
202500 0.008702307939529419 
203000 0.030071457847952843 
203500 0.015072119422256947 
204000 0.006465020589530468 
204500 0.012813973240554333 
205000 0.009809652343392372 
205500 0.004333018325269222 
206000 0.006086480803787708 
206500 0.008125180378556252 
207000 0.012148108333349228 
207500 0.005030451342463493 
208000 0.008945120498538017 
208500 0.008201537653803825 
209000 0.01598803885281086 
209500 0.2614503800868988 
210000 0.023754559457302094 
210500 0.009640992619097233 
211000 0.029187273234128952 
211500 0.008503948338329792 
212000 0.012196918949484825 
212500 0.008406359702348709 
213000 0.21533553302288055 
213500 0.2508777379989624 
214000 0.04385588318109512 
214500 0.004458253271877766 
215000 0.0379427969455719 
215500 0.005210453178733587 
216000 0.01208847388625145 
216500 0.127759650349617 
217000 0.007522042840719223 
217500 0.012457559816539288 
218000 0.00212100800126791 
218500 0.006031140219420195 
219000 0.25291863083839417 
219500 0.003419543383643031 
220000 0.011859405785799026 
220500 0.013213294558227062 
221000 0.01108077634125948 
221500 0.031031392514705658 
222000 0.08321037888526917 
222500 0.13896551728248596 
223000 0.007294964045286179 
223500 0.00503076147288084 
224000 0.008948421105742455 
224500 0.015576113946735859 
225000 0.12960024178028107 
225500 0.008453369140625 
226000 0.003285745857283473 
226500 0.019632399082183838 
227000 0.043051764369010925 
227500 0.0020946927834302187 
228000 0.021487059071660042 
228500 0.017406396567821503 
229000 0.05512574315071106 
229500 0.010470481589436531 
230000 0.005450930446386337 
230500 0.010709591209888458 
231000 0.01616022363305092 
231500 0.006936883088201284 
232000 0.004061649087816477 
232500 0.00512398686259985 
233000 0.021237485110759735 
233500 0.004615846090018749 
234000 0.2785511314868927 
234500 0.04950665310025215 
235000 0.016147330403327942 
235500 0.007451187819242477 
236000 0.003124716691672802 
236500 0.005674957297742367 
237000 0.007112894207239151 
237500 0.006025913171470165 
238000 0.0063523720018565655 
238500 0.00725147407501936 
239000 0.005825907923281193 
239500 0.0076251765713095665 
240000 0.017691709101200104 
240500 0.014496009796857834 
241000 0.005938620772212744 
241500 0.00984281674027443 
242000 0.021767757833003998 
242500 0.005826603155583143 
243000 0.025391053408384323 
243500 0.006797805428504944 
244000 0.006450324319303036 
244500 0.09950846433639526 
245000 0.011067166924476624 
245500 0.015143209137022495 
246000 0.003478697966784239 
246500 0.008085115812718868 
247000 0.017950814217329025 
247500 0.003216028679162264 
248000 0.14838455617427826 
248500 0.0038278508000075817 
249000 0.004927835427224636 
249500 0.00785743910819292 
250000 0.020469101145863533 
250500 0.11422321945428848 
251000 0.00405874801799655 
251500 0.0037096631713211536 
252000 0.0032180356793105602 
252500 0.06545108556747437 
253000 0.0025794522371143103 
253500 0.0037402345333248377 
254000 0.016046816483139992 
254500 0.010996270924806595 
255000 0.12268224358558655 
255500 0.005459940060973167 
256000 0.005271343979984522 
256500 0.15465649962425232 
257000 0.004052284639328718 
257500 0.005783865228295326 
258000 0.0035714893601834774 
258500 0.07420776784420013 
259000 0.008808786049485207 
259500 0.1240486353635788 
260000 0.0032817793544381857 
260500 0.006027223076671362 
261000 0.007506551221013069 
261500 0.005066877696663141 
262000 0.012662442401051521 
262500 0.004234697669744492 
263000 0.13707953691482544 
263500 0.004439962562173605 
264000 0.0040315622463822365 
264500 0.005173136480152607 
265000 0.008599385619163513 
265500 0.004292615223675966 
266000 0.003672555088996887 
266500 0.0027573914267122746 
267000 0.0021384400315582752 
267500 0.0044123041443526745 
268000 0.1085389256477356 
268500 0.005530836991965771 
269000 0.13926373422145844 
269500 0.005764743313193321 
270000 0.005428606644272804 
270500 0.012298482470214367 
271000 0.0059476010501384735 
271500 0.010790815576910973 
272000 0.006884756963700056 
272500 0.009602961130440235 
273000 0.003034144639968872 
273500 0.009456259198486805 
274000 0.027729235589504242 
274500 0.010042648762464523 
275000 0.00959000177681446 
275500 0.005928118713200092 
276000 0.0068328832276165485 
276500 0.0061694541946053505 
277000 0.0045179761946201324 
277500 0.0034681628458201885 
278000 0.0047484831884503365 
278500 0.01243688352406025 
279000 0.007138277404010296 
279500 0.007815621793270111 
280000 0.005324231460690498 
280500 0.007898692041635513 
281000 0.005613930523395538 
281500 0.006730219349265099 
282000 0.00807441957294941 
282500 0.013854595832526684 
283000 0.18944129347801208 
283500 0.013407970778644085 
284000 0.006119606085121632 
284500 0.19474947452545166 
285000 0.004594309255480766 
285500 0.014408756047487259 
286000 0.029983311891555786 
286500 0.005088659003376961 
287000 0.010226788930594921 
287500 0.007078137248754501 
288000 0.009854564443230629 
288500 0.004638942424207926 
289000 0.006558690220117569 
289500 0.0035322466865181923 
290000 0.007737607695162296 
290500 0.002668956760317087 
291000 0.018363412469625473 
291500 0.14936062693595886 
292000 0.005021987948566675 
292500 0.0037335401866585016 
293000 0.009872803464531898 
293500 0.23707251250743866 
294000 0.008119773119688034 
294500 0.012499704957008362 
295000 0.008349082432687283 
295500 0.007860369980335236 
296000 0.01833576336503029 
296500 0.007617736700922251 
297000 0.19198369979858398 
297500 0.004628240596503019 
298000 0.008957389742136002 
298500 0.0061380877159535885 
299000 0.0053632790222764015 
299500 0.013513569720089436 
300000 0.0070341299287974834 
300500 0.0049116481095552444 
301000 0.005456048995256424 
301500 0.0024256284814327955 
302000 0.01360063161700964 
302500 0.00490807369351387 
303000 0.0067939842119812965 
303500 0.00824793428182602 
304000 0.003938947804272175 
304500 0.029309352859854698 
305000 0.00546890078112483 
305500 0.020086340606212616 
306000 0.007951994426548481 
306500 0.006519445218145847 
307000 0.0044974349439144135 
307500 0.05590800568461418 
308000 0.004966776352375746 
308500 0.007917942479252815 
309000 0.006131656933575869 
309500 0.004977969452738762 
310000 0.004372666124254465 
310500 0.010315611958503723 
311000 0.03447386249899864 
311500 0.005918390117585659 
312000 0.002898068632930517 
312500 0.006378185003995895 
313000 0.1025065928697586 
313500 0.03322618454694748 
314000 0.0032094609923660755 
314500 0.009966105222702026 
315000 0.0059602465480566025 
315500 0.022220740094780922 
316000 0.029381489381194115 
316500 0.00341775082051754 
317000 0.19946609437465668 
317500 0.007557463366538286 
318000 0.0033768073190003633 
318500 0.012116859667003155 
319000 0.005468644667416811 
319500 0.0034354906529188156 
320000 0.010503852739930153 
320500 0.008691592141985893 
321000 0.007918517105281353 
321500 0.0063850292935967445 
322000 0.006207654252648354 
322500 0.008870396763086319 
323000 0.009322560392320156 
323500 0.007007808890193701 
324000 0.06510542333126068 
324500 0.3226340115070343 
325000 0.01210314966738224 
325500 0.011564073152840137 
326000 0.012151150032877922 
326500 0.00504394993185997 
327000 0.007590374443680048 
327500 0.013413367792963982 
328000 0.008319954387843609 
328500 0.013688345439732075 
329000 0.005794580094516277 
329500 0.006284934002906084 
330000 0.47558480501174927 
330500 0.010571722872555256 
331000 0.304313600063324 
331500 0.009523678570985794 
332000 0.00901256874203682 
332500 0.01257681380957365 
333000 0.025647005066275597 
333500 0.0138353630900383 
334000 0.006896287202835083 
334500 0.004180482588708401 
335000 0.005038542672991753 
335500 0.1958576887845993 
336000 0.010198060423135757 
336500 0.009576639160513878 
337000 0.0044326093047857285 
337500 0.010916653089225292 
338000 0.009247838519513607 
338500 0.01901070401072502 
339000 0.023894552141427994 
339500 0.005178688559681177 
340000 0.23872099816799164 
340500 0.009973626583814621 
341000 0.00909203290939331 
341500 0.12503796815872192 
342000 0.006216735579073429 
342500 0.007387290708720684 
343000 0.01078823022544384 
343500 0.013765642419457436 
344000 0.020997747778892517 
344500 0.01203964464366436 
345000 0.007379479240626097 
345500 0.0051539684645831585 
346000 0.012838498689234257 
346500 0.017733322456479073 
347000 0.017773998901247978 
347500 0.009153714403510094 
348000 0.006413734517991543 
348500 0.00845818966627121 
349000 0.041205890476703644 
349500 0.025128979235887527 
350000 0.005232684314250946 
350500 0.0039465040899813175 
351000 0.01237962394952774 
351500 0.014906304888427258 
352000 0.02696135640144348 
352500 0.015773693099617958 
353000 0.12037039548158646 
353500 0.00711494404822588 
354000 0.05511866509914398 
354500 0.005358746275305748 
355000 0.009861151687800884 
355500 0.07075567543506622 
356000 0.006254666950553656 
356500 0.007523872423917055 
357000 0.025362033396959305 
357500 0.009986160323023796 
358000 0.00709539745002985 
358500 0.26111817359924316 
359000 0.0073601258918643 
359500 0.007109408266842365 
360000 0.032773688435554504 
360500 0.13538068532943726 
361000 0.007077596615999937 
361500 0.004206319805234671 
362000 0.006399683188647032 
362500 0.01135947648435831 
363000 0.008732606656849384 
363500 0.13201342523097992 
364000 0.0052702599205076694 
364500 0.02445172891020775 
365000 0.009651195257902145 
365500 0.012779487296938896 
366000 0.03153171017765999 
366500 0.037990640848875046 
367000 0.017942849546670914 
367500 0.02338983304798603 
368000 0.02783050574362278 
368500 0.024143097922205925 
369000 0.0095486119389534 
369500 0.010380486026406288 
370000 0.014528083615005016 
370500 0.16448894143104553 
371000 0.011912382207810879 
371500 0.019468488171696663 
372000 0.02361329272389412 
372500 0.005333016626536846 
373000 0.015964318066835403 
373500 0.004876517690718174 
374000 0.009195496328175068 
374500 0.13466724753379822 
375000 0.015563677996397018 
375500 0.050112027674913406 
376000 0.043259501457214355 
376500 0.019525770097970963 
377000 0.019604597240686417 
377500 0.00852537713944912 
378000 0.019094467163085938 
378500 0.01797250285744667 
379000 0.12893599271774292 
379500 0.047039709985256195 
380000 0.2506549656391144 
380500 0.007377037778496742 
381000 0.008018325082957745 
381500 0.20162838697433472 
382000 0.15240362286567688 
382500 0.008370007388293743 
383000 0.05240679532289505 
383500 0.011891457252204418 
384000 0.025384651497006416 
384500 0.015263608656823635 
385000 0.00934627279639244 
385500 0.019183561205863953 
386000 0.014000607654452324 
386500 0.01552625559270382 
387000 0.008357832208275795 
387500 0.020415842533111572 
388000 0.007561848498880863 
388500 0.00872374139726162 
389000 0.030714526772499084 
389500 0.02378237433731556 
390000 0.02055835723876953 
390500 0.015177101828157902 
391000 0.007206917740404606 
391500 0.014011189341545105 
392000 0.004807829856872559 
392500 0.008345515467226505 
393000 0.02083919569849968 
393500 0.0186916496604681 
394000 0.017478618770837784 
394500 0.0078078825026750565 
395000 0.022260110825300217 
395500 0.014834403991699219 
396000 0.01676671765744686 
396500 0.009689342230558395 
397000 0.01494127418845892 
397500 0.0034084180369973183 
398000 0.0059334468096494675 
398500 0.02177056297659874 
399000 0.008705244399607182 
399500 0.01651342213153839 
400000 0.015327743254601955 
400500 0.05775503069162369 
401000 0.02454552799463272 
401500 0.008210388943552971 
402000 0.007239735685288906 
402500 0.00401719193905592 
403000 0.02592139132320881 
403500 0.24794402718544006 
404000 0.053751856088638306 
404500 0.19552844762802124 
405000 0.006526162847876549 
405500 0.03276994451880455 
406000 0.007133281324058771 
406500 0.004417675547301769 
407000 0.00934039056301117 
407500 0.029072044417262077 
408000 0.0073530226945877075 
408500 0.12243912369012833 
409000 0.04693606123328209 
409500 0.006677691824734211 
410000 0.017293453216552734 
410500 0.1937500536441803 
411000 0.012519147247076035 
411500 0.010217549279332161 
412000 0.014044743962585926 
412500 0.0053799934685230255 
413000 0.010195739567279816 
413500 0.01023086067289114 
414000 0.007674584165215492 
414500 0.04235328361392021 
415000 0.004037742502987385 
415500 0.006554986350238323 
416000 0.01772378198802471 
416500 0.21370704472064972 
417000 0.05546000972390175 
417500 0.021889396011829376 
418000 0.1298300176858902 
418500 0.007282822392880917 
419000 0.005995242390781641 
419500 0.06655555963516235 
420000 0.008312503807246685 
420500 0.022424718365073204 
421000 0.005874537862837315 
421500 0.016204386949539185 
422000 0.007455482147634029 
422500 0.2287740707397461 
423000 0.007237833924591541 
423500 0.006255386862903833 
424000 0.016273826360702515 
424500 0.024161316454410553 
425000 0.0076121133752167225 
425500 0.02266128733754158 
426000 0.013216627761721611 
426500 0.015674278140068054 
427000 0.006946048699319363 
427500 0.007887504994869232 
428000 0.010452796705067158 
428500 0.06061302497982979 
429000 0.022300254553556442 
429500 0.023531116545200348 
430000 0.010789926163852215 
430500 0.021846774965524673 
431000 0.2696797549724579 
431500 0.028629375621676445 
432000 0.3700382709503174 
432500 0.013983353041112423 
433000 0.12991192936897278 
433500 0.011546419933438301 
434000 0.015730075538158417 
434500 0.013259696774184704 
435000 0.008455295115709305 
435500 0.587822675704956 
436000 0.007727982476353645 
436500 0.01360500417649746 
437000 0.01627090573310852 
437500 0.040211282670497894 
438000 0.012381844222545624 
438500 0.43638718128204346 
439000 0.019135192036628723 
439500 0.4045168459415436 
440000 0.0810650885105133 
440500 0.03565071523189545 
441000 0.019389349967241287 
441500 0.020968995988368988 
442000 0.015471689403057098 
442500 0.6941143274307251 
443000 0.008368653245270252 
443500 0.013854879885911942 
444000 0.18510474264621735 
444500 0.029822856187820435 
445000 0.009715818800032139 
445500 0.008418471552431583 
446000 0.014610111713409424 
446500 0.021615004166960716 
447000 0.007876239717006683 
447500 0.02933575212955475 
448000 0.011181095615029335 
448500 0.01304052397608757 
449000 0.007524234242737293 
449500 0.007181278429925442 
450000 0.18585263192653656 
450500 0.26603853702545166 
451000 0.033548593521118164 
451500 0.15199711918830872 
452000 0.08375221490859985 
452500 0.019162185490131378 
453000 0.01801486685872078 
453500 0.014726484194397926 
454000 0.008288716897368431 
454500 0.028948258608579636 
455000 0.005982237868010998 
455500 0.016333619132637978 
456000 0.02195729687809944 
456500 0.01902896910905838 
457000 0.014937286265194416 
457500 0.02809721790254116 
458000 0.01799258217215538 
458500 0.018369799479842186 
459000 0.031176837161183357 
459500 0.008489396423101425 
460000 0.012345095165073872 
460500 0.0173654705286026 
461000 0.00982222706079483 
461500 0.01139254029840231 
462000 0.012109464034438133 
462500 0.012535669840872288 
463000 0.0037530260160565376 
463500 0.008704515174031258 
464000 0.01934761181473732 
464500 0.005920120514929295 
465000 0.019914552569389343 
465500 0.1859186738729477 
466000 0.22760507464408875 
466500 0.010439055040478706 
467000 0.016822775825858116 
467500 0.017307449132204056 
468000 0.006171544548124075 
468500 0.017793111503124237 
469000 0.018100611865520477 
469500 0.0068175350315868855 
470000 0.023576002568006516 
470500 0.008755207061767578 
471000 0.01173742301762104 
471500 0.14209550619125366 
472000 0.01015474833548069 
472500 0.009043375961482525 
473000 0.018021326512098312 
473500 0.2795908749103546 
474000 0.0043867710046470165 
474500 0.021045224741101265 
475000 0.010468907654285431 
475500 0.011518385261297226 
476000 0.14323732256889343 
476500 0.009592914953827858 
477000 0.028517598286271095 
477500 0.01656453125178814 
478000 0.012759510427713394 
478500 0.08277033269405365 
479000 0.32831013202667236 
479500 0.011558862403035164 
480000 0.11065501719713211 
480500 0.026596281677484512 
481000 0.006467421539127827 
481500 0.00888640247285366 
482000 0.04989074915647507 
482500 0.006906702183187008 
483000 0.015220492146909237 
483500 0.0433790348470211 
484000 0.00958689022809267 
484500 0.017796887084841728 
485000 0.20100072026252747 
485500 0.05032343789935112 
486000 0.01469227485358715 
486500 0.004786756355315447 
487000 0.020382804796099663 
487500 0.013923834078013897 
488000 0.01394251361489296 
488500 0.02910080924630165 
489000 0.00963123980909586 
489500 0.009556538425385952 
490000 0.005357539746910334 
490500 0.023840229958295822 
491000 0.009938908740878105 
491500 0.01608184352517128 
492000 0.01219828613102436 
492500 0.014550305902957916 
493000 0.018020639196038246 
493500 0.00896499678492546 
494000 0.17452788352966309 
494500 0.01669708825647831 
495000 0.10568718612194061 
495500 0.034683965146541595 
496000 0.007831662893295288 
496500 0.010283978655934334 
497000 0.014212356880307198 
497500 0.10933265089988708 
498000 0.007848658598959446 
498500 0.02555868588387966 
499000 0.010367626324295998 
499500 0.012065533548593521 
500000 0.02800419181585312 
500500 0.014479022473096848 
501000 0.0304538793861866 
501500 0.34168511629104614 
502000 0.02168475277721882 
502500 0.01496511697769165 
503000 0.1460902988910675 
503500 0.005773412063717842 
504000 0.018410278484225273 
504500 0.010986853390932083 
505000 0.01698126457631588 
505500 0.012075083330273628 
506000 0.04433731362223625 
506500 0.07676868140697479 
507000 0.29448172450065613 
507500 0.01857786253094673 
508000 0.21945013105869293 
508500 0.006008667405694723 
509000 0.025090692564845085 
509500 0.01054051797837019 
510000 0.01733420602977276 
510500 0.01677517220377922 
511000 0.010701924562454224 
511500 0.018183207139372826 
512000 0.021379580721259117 
512500 0.013891428709030151 
513000 0.03612880781292915 
513500 0.5567682385444641 
514000 0.010987763293087482 
514500 0.030984967947006226 
515000 0.024157684296369553 
515500 0.01494397222995758 
516000 0.013681518845260143 
516500 0.0076034413650631905 
517000 0.011965117417275906 
517500 0.2662356495857239 
518000 0.023989327251911163 
518500 0.024758700281381607 
519000 0.006383203901350498 
519500 0.02177569642663002 
520000 0.1701914519071579 
520500 0.009814848192036152 
521000 0.008343677967786789 
521500 0.009899700991809368 
522000 0.032268743962049484 
522500 0.009515458717942238 
523000 0.12175314128398895 
523500 0.2225838154554367 
524000 0.20816004276275635 
524500 0.013395100831985474 
525000 0.016518237069249153 
525500 0.5394467115402222 
526000 0.013156304135918617 
526500 0.008753299713134766 
527000 0.006788607221096754 
527500 0.019984422251582146 
528000 0.012577966786921024 
528500 0.008219493553042412 
529000 0.01298180315643549 
529500 0.012854576110839844 
530000 0.017525026574730873 
530500 0.010061894543468952 
531000 0.013306055217981339 
531500 0.006396308541297913 
532000 0.013594390824437141 
532500 0.00685554463416338 
533000 0.01003539003431797 
533500 0.00721033476293087 
534000 0.16773231327533722 
534500 0.1349647492170334 
535000 0.010229770094156265 
535500 0.015681682154536247 
536000 0.016482245177030563 
536500 0.016058355569839478 
537000 0.006064636167138815 
537500 0.012504165060818195 
538000 0.010509593412280083 
538500 0.025373738259077072 
539000 0.10846143215894699 
539500 0.008484749123454094 
540000 0.1399882435798645 
540500 0.005051410291343927 
541000 0.02301710657775402 
541500 0.014898285269737244 
542000 0.01566954515874386 
542500 0.01590743288397789 
543000 0.007670160848647356 
543500 0.006909323390573263 
544000 0.016975626349449158 
544500 0.010356022045016289 
545000 0.007858892902731895 
545500 0.0590507872402668 
546000 0.013313337229192257 
546500 0.01976626366376877 
547000 0.24699576199054718 
547500 0.0052056144922971725 
548000 0.005112200044095516 
548500 0.05471724644303322 
549000 0.007122107781469822 
549500 0.24754785001277924 
550000 0.018507376313209534 
550500 0.006974366493523121 
551000 0.009496558457612991 
551500 0.007702320348471403 
552000 0.008374646306037903 
552500 0.09780649840831757 
553000 0.005730675999075174 
553500 0.01757035404443741 
554000 0.02343207597732544 
554500 0.010960513725876808 
555000 0.12121683359146118 
555500 0.102837473154068 
556000 0.015671761706471443 
556500 0.012154454365372658 
557000 0.017942378297448158 
557500 0.017788294702768326 
558000 0.10143817216157913 
558500 0.01762194186449051 
559000 0.016772402450442314 
559500 0.010646099224686623 
560000 0.12255667895078659 
560500 0.012684419751167297 
561000 0.1357700377702713 
561500 0.013860899955034256 
562000 0.036889832466840744 
562500 0.014878504909574986 
563000 0.020597664639353752 
563500 0.018960438668727875 
564000 0.011027143336832523 
564500 0.014610875397920609 
565000 0.008287502452731133 
565500 0.006978284567594528 
566000 0.011275174096226692 
566500 0.01712358370423317 
567000 0.015048693865537643 
567500 0.09207262843847275 
568000 0.013913941569626331 
568500 0.01599072851240635 
569000 0.010337566956877708 
569500 0.013161292299628258 
570000 0.014747737906873226 
570500 0.14701838791370392 
571000 0.0074597932398319244 
571500 0.015319101512432098 
572000 0.05647074431180954 
572500 0.24764522910118103 
573000 0.20675615966320038 
573500 0.060363173484802246 
574000 0.1145382672548294 
574500 0.22975827753543854 
575000 0.03760257735848427 
575500 0.013093091547489166 
576000 0.007878424599766731 
576500 0.01618978939950466 
577000 0.02002953365445137 
577500 0.019733991473913193 
578000 0.007907920517027378 
578500 0.297629714012146 
579000 0.019233550876379013 
579500 0.01592954620718956 
580000 0.01112461369484663 
580500 0.03267047181725502 
581000 0.017160987481474876 
581500 0.013450665399432182 
582000 0.04434890300035477 
582500 0.03386779874563217 
583000 0.02190784178674221 
583500 0.019644830375909805 
584000 0.2523411512374878 
584500 0.014152811840176582 
585000 0.036338046193122864 
585500 0.020952098071575165 
586000 0.02394878678023815 
586500 0.017493892461061478 
587000 0.21757161617279053 
587500 0.01973823457956314 
588000 0.021626252681016922 
588500 0.11162752658128738 
589000 0.008922341279685497 
589500 0.011153183877468109 
590000 0.00865742564201355 
590500 0.15950767695903778 
591000 0.013212628662586212 
591500 0.00752867478877306 
592000 0.01704430766403675 
592500 0.026159856468439102 
593000 0.18293146789073944 
593500 0.010910909622907639 
594000 0.21477031707763672 
594500 0.006392299197614193 
595000 0.22715583443641663 
595500 0.025035114958882332 
596000 0.01001847442239523 
596500 0.020313747227191925 
597000 0.01728144660592079 
597500 0.015243593603372574 
598000 0.013566333800554276 
598500 0.013468503952026367 
599000 0.03489628806710243 
599500 0.24286898970603943 
600000 0.2747891843318939 
600500 0.015152186155319214 
601000 0.011250304989516735 
601500 0.01778630167245865 
602000 0.007011070381850004 
602500 0.01577077805995941 
603000 0.012854760512709618 
603500 0.018403835594654083 
604000 0.005550646688789129 
604500 0.014055375009775162 
605000 0.008264726027846336 
605500 0.023346340283751488 
606000 0.015696894377470016 
606500 0.03443225100636482 
607000 0.015333685092628002 
607500 0.03544532135128975 
608000 0.028490785509347916 
608500 0.044191110879182816 
609000 0.015701672062277794 
609500 0.0670357421040535 
610000 0.01256776787340641 
610500 0.032531432807445526 
611000 0.022321753203868866 
611500 0.0456029549241066 
612000 0.01390213705599308 
612500 0.08013198524713516 
613000 0.014495478011667728 
613500 0.02327842265367508 
614000 0.015925515443086624 
614500 0.021542593836784363 
615000 0.028496578335762024 
615500 0.009030001237988472 
616000 0.05553487688302994 
616500 0.020546961575746536 
617000 0.014557113870978355 
617500 0.01660541631281376 
618000 0.01503496803343296 
618500 0.00617083627730608 
619000 0.00445237010717392 
619500 0.14575479924678802 
620000 0.015526777133345604 
620500 0.025033295154571533 
621000 0.005940612405538559 
621500 0.017175249755382538 
622000 0.021113883703947067 
622500 0.0992894321680069 
623000 0.021322127431631088 
623500 0.025826772674918175 
624000 0.011218227446079254 
624500 0.02178131230175495 
625000 0.017476975917816162 
625500 0.24537138640880585 
626000 0.013766996562480927 
626500 0.015018900856375694 
627000 0.009225195273756981 
627500 0.030552877113223076 
628000 0.011457092128694057 
628500 0.10104016959667206 
629000 0.20211277902126312 
629500 0.01082131452858448 
630000 0.010494006797671318 
630500 0.03235885500907898 
631000 0.024385785683989525 
631500 0.011030808091163635 
632000 0.017814474180340767 
632500 0.20681428909301758 
633000 0.010229743085801601 
633500 0.020696822553873062 
634000 0.013602830469608307 
634500 0.012553701177239418 
635000 0.014618456363677979 
635500 0.014343269169330597 
636000 0.023980168625712395 
636500 0.007308061234652996 
637000 0.014761441387236118 
637500 0.014292100444436073 
638000 0.1923993080854416 
638500 0.029179135337471962 
639000 0.011858117766678333 
639500 0.10260828584432602 
640000 0.0071019018068909645 
640500 0.013399496674537659 
641000 0.030197756364941597 
641500 0.013033982366323471 
642000 0.00818879995495081 
642500 0.014679055660963058 
643000 0.015779124572873116 
643500 0.07786419987678528 
644000 0.027416307479143143 
644500 0.014989255927503109 
645000 0.00812660250812769 
645500 0.007688270416110754 
646000 0.02665840834379196 
646500 0.011255322024226189 
647000 0.030504150316119194 
647500 0.013095183297991753 
648000 0.1515544205904007 
648500 0.10890840739011765 
649000 0.03731045871973038 
649500 0.009789454750716686 
650000 0.13218337297439575 
650500 0.022632136940956116 
651000 0.2959742844104767 
651500 0.029705781489610672 
652000 0.013778737746179104 
652500 0.1584484577178955 
653000 0.1508098989725113 
653500 0.02471783384680748 
654000 0.012463061138987541 
654500 0.017702292650938034 
655000 0.020427338778972626 
655500 0.011929628439247608 
656000 0.20868560671806335 
656500 0.03036673180758953 
657000 0.021638642996549606 
657500 0.018558531999588013 
658000 0.2876260280609131 
658500 0.25242987275123596 
659000 0.019392522051930428 
659500 0.013916769996285439 
660000 0.008322201669216156 
660500 0.025780877098441124 
661000 0.010450029745697975 
661500 0.011365302838385105 
662000 0.020674891769886017 
662500 0.03063783422112465 
663000 0.015106658451259136 
663500 0.03226902708411217 
664000 0.018203821033239365 
664500 0.15643487870693207 
665000 0.12055610120296478 
665500 0.006676210090517998 
666000 0.011300256475806236 
666500 0.02150939404964447 
667000 0.010204164311289787 
667500 0.011180248111486435 
668000 0.027289440855383873 
668500 0.13426677882671356 
669000 0.017269441857933998 
669500 0.053492531180381775 
670000 0.01998813822865486 
670500 0.011402230709791183 
671000 0.017004041001200676 
671500 0.011204734444618225 
672000 0.016250446438789368 
672500 0.023786723613739014 
673000 0.008011260069906712 
673500 0.09705641120672226 
674000 0.016966311261057854 
674500 0.01394563913345337 
675000 0.015080876648426056 
675500 0.023497475311160088 
676000 0.009571770206093788 
676500 0.008802615106105804 
677000 0.01505705900490284 
677500 0.05816013365983963 
678000 0.015074306167662144 
678500 0.018824659287929535 
679000 0.2852464020252228 
679500 0.00759228877723217 
680000 0.1094183698296547 
680500 0.03416123613715172 
681000 0.014248501509428024 
681500 0.015708129853010178 
682000 0.024476025253534317 
682500 0.03109707683324814 
683000 0.01187768206000328 
683500 0.026216380298137665 
684000 0.013200217857956886 
684500 0.019022978842258453 
685000 0.028505483642220497 
685500 0.02079041302204132 
686000 0.015934769064188004 
686500 0.02184443734586239 
687000 0.3277773857116699 
687500 0.04891802370548248 
688000 0.01895475760102272 
688500 0.012943721376359463 
689000 0.14197951555252075 
689500 0.159014493227005 
690000 0.013819409534335136 
690500 0.019012410193681717 
691000 0.013418104499578476 
691500 0.012807858176529408 
692000 0.01329245325177908 
692500 0.014499868266284466 
693000 0.019125044345855713 
693500 0.18205127120018005 
694000 0.00702497037127614 
694500 0.2189757227897644 
695000 0.2158321738243103 
695500 0.27037620544433594 
696000 0.019696008414030075 
696500 0.06922224164009094 
697000 0.011454213410615921 
697500 0.018867863342165947 
698000 0.011760899797081947 
698500 0.024489231407642365 
699000 0.01404319703578949 
699500 0.20384159684181213 
700000 0.02371964231133461 
700500 0.008894914761185646 
701000 0.25608494877815247 
701500 0.3680013120174408 
702000 0.008650007657706738 
702500 0.01272512599825859 
703000 0.016560664400458336 
703500 0.012287572026252747 
704000 0.01810864731669426 
704500 0.012274456210434437 
705000 0.0568210668861866 
705500 0.47680485248565674 
706000 0.015553698875010014 
706500 0.018705973401665688 
707000 0.024373188614845276 
707500 0.007903829216957092 
708000 0.03227449953556061 
708500 0.014289077371358871 
709000 0.013445235788822174 
709500 0.40330401062965393 
710000 0.07595040649175644 
710500 0.21462750434875488 
711000 0.010906016454100609 
711500 0.010743895545601845 
712000 0.024990936741232872 
712500 0.10756511986255646 
713000 0.26672911643981934 
713500 0.0142283383756876 
714000 0.010811494663357735 
714500 0.016698233783245087 
715000 0.019967269152402878 
715500 0.05802194029092789 
716000 0.010743657127022743 
716500 0.08869484066963196 
717000 0.18774175643920898 
717500 0.030028581619262695 
718000 0.013875833712518215 
718500 0.011011805385351181 
719000 0.012551707215607166 
719500 0.017143430188298225 
720000 0.019671697169542313 
720500 0.03401404246687889 
721000 0.014216292649507523 
721500 0.04414219409227371 
722000 0.02427765727043152 
722500 0.042367346584796906 
723000 0.23788967728614807 
723500 0.016751563176512718 
724000 0.016186794266104698 
724500 0.14013148844242096 
725000 0.08194924145936966 
725500 0.011727901175618172 
726000 0.08545717597007751 
726500 0.2524867057800293 
727000 0.014533132314682007 
727500 0.014032956212759018 
728000 0.01851080358028412 
728500 0.0276029109954834 
729000 0.013718745671212673 
729500 0.010014202445745468 
730000 0.010483896359801292 
730500 0.028315896168351173 
731000 0.11961211264133453 
731500 0.07070884108543396 
732000 0.012506358325481415 
732500 0.13311192393302917 
733000 0.03250867500901222 
733500 0.026115592569112778 
734000 0.2682962417602539 
734500 0.05730321258306503 
735000 0.014997834339737892 
735500 0.027266893535852432 
736000 0.015066142193973064 
736500 0.018539585173130035 
737000 0.039980143308639526 
737500 0.012321267277002335 
738000 0.01448260247707367 
738500 0.03742855042219162 
739000 0.018069015815854073 
739500 0.04987739026546478 
740000 0.015441585332155228 
740500 0.0117410346865654 
741000 0.012831099331378937 
741500 0.013502941466867924 
742000 0.028859779238700867 
742500 0.01244325004518032 
743000 0.0146403219550848 
743500 0.016374293714761734 
744000 0.018144983798265457 
744500 0.009671559557318687 
745000 0.48723337054252625 
745500 0.1691257804632187 
746000 0.008667835965752602 
746500 0.011693374253809452 
747000 0.024543341249227524 
747500 0.016309719532728195 
748000 0.014719745144248009 
748500 0.15420038998126984 
749000 0.045660898089408875 
749500 0.5514522194862366 
750000 0.007747957482933998 
750500 0.026753578335046768 
751000 0.010882102884352207 
751500 0.012745200656354427 
752000 0.020878195762634277 
752500 0.023836448788642883 
753000 0.2692195773124695 
753500 0.014570904895663261 
754000 0.013681445270776749 
754500 0.007959594950079918 
755000 0.2841607928276062 
755500 0.1265530288219452 
756000 0.03394849970936775 
756500 0.020872611552476883 
757000 0.04978730529546738 
757500 0.03364796191453934 
758000 0.027798712253570557 
758500 0.02046823874115944 
759000 0.027422022074460983 
759500 0.01663168892264366 
760000 0.15452955663204193 
760500 0.034696418792009354 
761000 0.010630771517753601 
761500 0.20861037075519562 
762000 0.009450010024011135 
762500 0.01964985392987728 
763000 0.014639448374509811 
763500 0.22575417160987854 
764000 0.07393737137317657 
764500 0.016406066715717316 
765000 0.01473735086619854 
765500 0.018779641017317772 
766000 0.018450960516929626 
766500 0.041142191737890244 
767000 0.009682640433311462 
767500 0.029898207634687424 
768000 0.006788535043597221 
768500 0.010533006861805916 
769000 0.007397158071398735 
769500 0.025991877540946007 
770000 0.020387686789035797 
770500 0.014643148519098759 
771000 0.006631259340792894 
771500 0.22317421436309814 
772000 0.008271893486380577 
772500 0.38612037897109985 
773000 0.01571555621922016 
773500 0.016143180429935455 
774000 0.014138242229819298 
774500 0.04834525287151337 
775000 0.008505726233124733 
775500 0.018778620287775993 
776000 0.11818614602088928 
776500 0.01491859182715416 
777000 0.03496527299284935 
777500 0.03752657398581505 
778000 0.01656436175107956 
778500 0.019348807632923126 
779000 0.17189551889896393 
779500 0.023471564054489136 
780000 0.03288767859339714 
780500 0.10102253407239914 
781000 0.02818611077964306 
781500 0.11373133957386017 
782000 0.00906090997159481 
782500 0.02926616743206978 
783000 0.09096391499042511 
783500 0.05166114866733551 
784000 0.04647655040025711 
784500 0.07625027745962143 
785000 0.007507605012506247 
785500 0.025815187022089958 
786000 0.015009925700724125 
786500 0.012732939794659615 
787000 0.04180462658405304 
787500 0.04318959638476372 
788000 0.04248189553618431 
788500 0.04098982363939285 
789000 0.015308409929275513 
789500 0.01846299320459366 
790000 0.021987229585647583 
790500 0.016812505200505257 
791000 0.02263607271015644 
791500 0.011871688067913055 
792000 0.02147129736840725 
792500 0.019219830632209778 
793000 0.012000733986496925 
793500 0.01110171526670456 
794000 0.18928903341293335 
794500 0.01514332927763462 
795000 0.06633054465055466 
795500 0.04645228013396263 
796000 0.014854054898023605 
796500 0.022126512601971626 
797000 0.009737323969602585 
797500 0.014658015221357346 
798000 0.012915156781673431 
798500 0.09763479232788086 
799000 0.06914540380239487 
799500 0.22923626005649567 
800000 0.029213769361376762 
800500 0.034081995487213135 
801000 0.011310001835227013 
801500 0.07564442604780197 
802000 0.016392093151807785 
802500 0.015728028491139412 
803000 0.20956426858901978 
803500 0.06458224356174469 
804000 0.01860862970352173 
804500 0.031971946358680725 
805000 0.017187006771564484 
805500 0.1608373522758484 
806000 0.028972936794161797 
806500 0.024250715970993042 
807000 0.01463987398892641 
807500 0.07878832519054413 
808000 0.048113707453012466 
808500 0.1639835238456726 
809000 0.012624731287360191 
809500 0.025643009692430496 
810000 0.009790783748030663 
810500 0.07306322455406189 
811000 0.023954834789037704 
811500 0.014202333986759186 
812000 0.012632669880986214 
812500 0.016522133722901344 
813000 0.011216660961508751 
813500 0.04087451845407486 
814000 0.016833599656820297 
814500 0.018193485215306282 
815000 0.019520888105034828 
815500 0.021820124238729477 
816000 0.010384462773799896 
816500 0.013864424079656601 
817000 0.08148133009672165 
817500 0.03834832087159157 
818000 0.10803450644016266 
818500 0.028019331395626068 
819000 0.010347267612814903 
819500 0.007470550015568733 
820000 0.009982820600271225 
820500 0.03245560824871063 
821000 0.013095050118863583 
821500 0.0114688565954566 
822000 0.028453277423977852 
822500 0.011968903243541718 
823000 0.01695498265326023 
823500 0.024179600179195404 
824000 0.022860947996377945 
824500 0.21222367882728577 
825000 0.017150070518255234 
825500 0.01789810322225094 
826000 0.03910619392991066 
826500 0.010461222380399704 
827000 0.017792323604226112 
827500 0.03355681151151657 
828000 0.02837498113512993 
828500 0.014262051321566105 
829000 0.1713419109582901 
829500 0.01048857718706131 
830000 0.008400550112128258 
830500 0.009350661188364029 
831000 0.02261083573102951 
831500 0.0194795373827219 
832000 0.010071607306599617 
832500 0.007951244711875916 
833000 0.07636263221502304 
833500 0.010910633020102978 
834000 0.3272413909435272 
834500 0.01098391693085432 
835000 0.03409742936491966 
835500 0.0534391850233078 
836000 0.017907200381159782 
836500 0.09275327622890472 
837000 0.0061562443152070045 
837500 0.008975681848824024 
838000 0.012679219245910645 
838500 0.02401737868785858 
839000 0.09431339055299759 
839500 0.00750076025724411 
840000 0.0061848703771829605 
840500 0.008982425555586815 
841000 0.011104343459010124 
841500 0.08615156263113022 
842000 0.19319137930870056 
842500 0.017466643825173378 
843000 0.007770322263240814 
843500 0.02717979997396469 
844000 0.02373870648443699 
844500 0.007953374646604061 
845000 0.14144587516784668 
845500 0.017737843096256256 
846000 0.4449055790901184 
846500 0.12460097670555115 
847000 0.20093940198421478 
847500 0.01862933859229088 
848000 0.011262957006692886 
848500 0.24493905901908875 
849000 0.011420667171478271 
849500 0.028557440266013145 
850000 0.012526198290288448 
850500 0.011323992162942886 
851000 0.009797311387956142 
851500 0.012131808325648308 
852000 0.43134668469429016 
852500 0.014269608072936535 
853000 0.0166337750852108 
853500 0.0333031564950943 
854000 0.012475349009037018 
854500 0.1057736873626709 
855000 0.011265375651419163 
855500 0.014771065674722195 
856000 0.13609279692173004 
856500 0.061009567230939865 
857000 0.023273900151252747 
857500 0.012117836624383926 
858000 0.015129504725337029 
858500 0.014598722569644451 
859000 0.0129799610003829 
859500 0.12646909058094025 
860000 0.00950407050549984 
860500 0.010392415337264538 
861000 0.011563144624233246 
861500 0.1592346876859665 
862000 0.015663545578718185 
862500 0.006359725724905729 
863000 0.041203878819942474 
863500 0.018553901463747025 
864000 0.20381183922290802 
864500 0.005145850125700235 
865000 0.04528258740901947 
865500 0.05008481442928314 
866000 0.4503176510334015 
866500 0.5457907319068909 
867000 0.31076779961586 
867500 0.028219588100910187 
868000 0.010522017255425453 
868500 0.010174990631639957 
869000 0.18294312059879303 
869500 0.01234147883951664 
870000 0.014015153050422668 
870500 0.013596463948488235 
871000 0.011141405440866947 
871500 0.013190221972763538 
872000 0.014177870005369186 
872500 0.01908821612596512 
873000 0.05612501502037048 
873500 0.01113809272646904 
874000 0.004854861181229353 
874500 0.01745845377445221 
875000 0.025688953697681427 
875500 0.027568355202674866 
876000 0.01713898777961731 
876500 0.21903514862060547 
877000 0.02363617904484272 
877500 0.13466405868530273 
878000 0.012770894914865494 
878500 0.02068447507917881 
879000 0.015039870515465736 
879500 0.01636616326868534 
880000 0.01906120404601097 
880500 0.15682953596115112 
881000 0.011385003104805946 
881500 0.006578543223440647 
882000 0.014402196742594242 
882500 0.04704859480261803 
883000 0.017349304631352425 
883500 0.217859148979187 
884000 0.013228651136159897 
884500 0.0319330096244812 
885000 0.18290124833583832 
885500 0.017834793776273727 
886000 0.009580097161233425 
886500 0.01829833909869194 
887000 0.12501882016658783 
887500 0.03576471656560898 
888000 0.015706874430179596 
888500 0.012132234871387482 
889000 0.012436725199222565 
889500 0.0057855648919939995 
890000 0.013302203267812729 
890500 0.010276634246110916 
891000 0.13726605474948883 
891500 0.1266496181488037 
892000 0.017515331506729126 
892500 0.013198386877775192 
893000 0.008621969260275364 
893500 0.030172858387231827 
894000 0.014383085072040558 
894500 0.008371837437152863 
895000 0.09312894940376282 
895500 0.007875887677073479 
896000 0.0273946113884449 
896500 0.02688443288207054 
897000 0.018747380003333092 
897500 0.011675519868731499 
898000 0.3382335901260376 
898500 0.06408759951591492 
899000 0.014749305322766304 
899500 0.01432220358401537 
900000 0.017958875745534897 
900500 0.009045340120792389 
901000 0.00410716887563467 
901500 0.017725687474012375 
902000 0.1307278722524643 
902500 0.0892748013138771 
903000 0.009500513784587383 
903500 0.011242181062698364 
904000 0.06823942810297012 
904500 0.01153059396892786 
905000 0.007840863429009914 
905500 0.008345404639840126 
906000 0.04710223153233528 
906500 0.00998510792851448 
907000 0.00860266387462616 
907500 0.027612149715423584 
908000 0.012077070772647858 
908500 0.01743084192276001 
909000 0.013895876705646515 
909500 0.023936018347740173 
910000 0.014630589634180069 
910500 0.010200252756476402 
911000 0.011446431279182434 
911500 0.22250565886497498 
912000 0.02105538547039032 
912500 0.017361951991915703 
913000 0.02191084250807762 
913500 0.06859715282917023 
914000 0.1966027021408081 
914500 0.014079543761909008 
915000 0.015100907534360886 
915500 0.025751635432243347 
916000 0.030167611315846443 
916500 0.11180485785007477 
917000 0.010451298207044601 
917500 0.014925296418368816 
918000 0.030675511807203293 
918500 0.03198125958442688 
919000 0.016080595552921295 
919500 0.011463040485978127 
920000 0.025487974286079407 
920500 0.01489244680851698 
921000 0.02970065176486969 
921500 0.14930810034275055 
922000 0.09384988248348236 
922500 0.013646741397678852 
923000 0.07111632078886032 
923500 0.013095858506858349 
924000 0.010564539581537247 
924500 0.19450996816158295 
925000 0.008337004110217094 
925500 0.026703692972660065 
926000 0.04226995259523392 
926500 0.06976357847452164 
927000 0.011448804289102554 
927500 0.012062892317771912 
928000 0.012204738333821297 
928500 0.012469656765460968 
929000 0.013150015845894814 
929500 0.01497158594429493 
930000 0.06458699703216553 
930500 0.021979577839374542 
931000 0.005916187539696693 
931500 0.017247967422008514 
932000 0.026943055912852287 
932500 0.010499590076506138 
933000 0.00986267440021038 
933500 0.2502981722354889 
934000 0.00917829293757677 
934500 0.011855361983180046 
935000 0.018189746886491776 
935500 0.005271946080029011 
936000 0.00929804053157568 
936500 0.010758460499346256 
937000 0.010050110518932343 
937500 0.009207740426063538 
938000 0.006212711799889803 
938500 0.27276259660720825 
939000 0.008597785606980324 
939500 0.11137188971042633 
940000 0.024429162964224815 
940500 0.01177967805415392 
941000 0.010261714458465576 
941500 0.0234098918735981 
942000 0.07032106816768646 
942500 0.0468524694442749 
943000 0.10372844338417053 
943500 0.029344627633690834 
944000 0.03159366175532341 
944500 0.015584592707455158 
945000 0.35271745920181274 
945500 0.006970806047320366 
946000 0.016787560656666756 
946500 0.01831843890249729 
947000 0.01487659104168415 
947500 0.010691560804843903 
948000 0.025998130440711975 
948500 0.01568920910358429 
949000 0.0169022586196661 
949500 0.026697807013988495 
950000 0.022427868098020554 
950500 0.3499000072479248 
951000 0.24380363523960114 
951500 0.37322044372558594 
952000 0.005620376672595739 
952500 0.037011075764894485 
953000 0.08415017277002335 
953500 0.00653083436191082 
954000 0.012352170422673225 
954500 0.016112711280584335 
955000 0.011359398253262043 
955500 0.04970424622297287 
956000 0.017855847254395485 
956500 0.01153593324124813 
957000 0.05254804342985153 
957500 0.017261043190956116 
958000 0.007228096481412649 
958500 0.009639304131269455 
959000 0.013091574423015118 
959500 0.03301198408007622 
960000 0.004073958843946457 
960500 0.013468722812831402 
961000 0.019028767943382263 
961500 0.014240185730159283 
962000 0.012025590986013412 
962500 0.018119588494300842 
963000 0.009000031277537346 
963500 0.015114566311240196 
964000 0.024875715374946594 
964500 0.18545547127723694 
965000 0.02969536744058132 
965500 0.02147890068590641 
966000 0.0779501423239708 
966500 0.012261571362614632 
967000 0.011038909666240215 
967500 0.014160456135869026 
968000 0.0142067801207304 
968500 0.23576605319976807 
969000 0.016566429287195206 
969500 0.008258964866399765 
970000 0.010010975413024426 
970500 0.16897256672382355 
971000 0.007648023311048746 
971500 0.05214683711528778 
972000 0.017393607646226883 
972500 0.00638416176661849 
973000 0.012035203166306019 
973500 0.015075480565428734 
974000 0.020087357610464096 
974500 0.007305139675736427 
975000 0.06380455195903778 
975500 0.01903575100004673 
976000 0.09931133687496185 
976500 0.049816519021987915 
977000 0.08422189205884933 
977500 0.0341031514108181 
978000 0.008832763880491257 
978500 0.009579923935234547 
979000 0.014335967600345612 
979500 0.027964219450950623 
980000 0.006708398461341858 
980500 0.014559801667928696 
981000 0.008090848103165627 
981500 0.01452415157109499 
982000 0.03227326273918152 
982500 0.008910820819437504 
983000 0.014641117304563522 
983500 0.012745274230837822 
984000 0.019309990108013153 
984500 0.010113080032169819 
985000 0.018472764641046524 
985500 0.008375436998903751 
986000 0.01641775108873844 
986500 0.007078829221427441 
987000 0.007041300646960735 
987500 0.009454810991883278 
988000 0.008499005809426308 
988500 0.010880408808588982 
989000 0.013919869437813759 
989500 0.0075449831783771515 
990000 0.007065577432513237 
990500 0.04629141092300415 
991000 0.006663367617875338 
991500 0.055477507412433624 
992000 0.06659810245037079 
992500 0.014326753094792366 
993000 0.151792973279953 
993500 0.004309050738811493 
994000 0.01184449065476656 
994500 0.1004326120018959 
995000 0.02346382662653923 
995500 0.023251133039593697 
996000 0.11101041734218597 
996500 0.015386142767965794 
997000 0.008053764700889587 
997500 0.005450701806694269 
998000 0.06119699776172638 
998500 0.02493414282798767 
999000 0.022078316658735275 
999500 0.02397136390209198 
